Name of the file nos4.mtx 
Size: 100 * 100
NonZero Elements: 347

B matrix values are 
8.5216e-08 4.00469e-08 8.2422e-08 5.3551e-08 8.98726e-08 6.28643e-08 8.6613e-08 4.28408e-08 2.28174e-08 9.77889e-09 7.54371e-08 1.25729e-08 4.19095e-08 2.7474e-08 7.59028e-08 5.86733e-08 6.51926e-08 1.21072e-08 8.00937e-08 6.33299e-08 5.12227e-09 7.82311e-08 7.77654e-08 1.35042e-08 8.47504e-08 6.0536e-08 2.8871e-08 5.72763e-08 3.11993e-08 6.28643e-08 6.00703e-08 9.31323e-10 1.02445e-08 2.70084e-08 3.21306e-08 7.77654e-08 8.98726e-08 2.6077e-08 5.12227e-09 1.95578e-08 1.35042e-08 8.05594e-08 9.77889e-09 5.54137e-08 8.56817e-08 6.37956e-08 9.22009e-08 5.7742e-08 5.3551e-08 7.91624e-08 6.0536e-09 5.86733e-08 4.23752e-08 8.3819e-08 7.26432e-08 3.39933e-08 2.8871e-08 7.91624e-08 9.12696e-08 3.77186e-08 4.88944e-08 5.82077e-08 3.91155e-08 5.9139e-08 6.33299e-08 4.88944e-08 2.14204e-08 6.00703e-08 5.26197e-08 2.65427e-08 5.7742e-08 4.42378e-08 8.47504e-08 6.75209e-08 6.51926e-09 7.77654e-08 1.58325e-08 7.63685e-08 2.00234e-08 6.98492e-08 4.05125e-08 3.72529e-09 3.53903e-08 8.28877e-08 8.75443e-08 8.56817e-08 1.39698e-09 2.37487e-08 7.17118e-08 9.26666e-08 6.14673e-08 2.79397e-08 3.53903e-08 7.82311e-08 6.47269e-08 5.58794e-09 1.21072e-08 8.6613e-08 4.37722e-08 6.47269e-08 

LexP:
Alpha Ordering:
4->3->1->2->14->7->8->5->13->11->12->6->24->9->17->18->15->23->21->22->16->34->10->19->27->28->25->33->31->32->26->44->20->29->37->38->35->43->41->42->36->54->30->39->47->48->45->53->51->52->46->64->92->40->49->57->58->55->63->61->62->56->74->72->71->91->82->81->50->59->67->68->65->73->66->84->96->83->94->93->60->69->77->78->75->76->99->95->86->85->70->79->88->87->98->97->89->80->90->100->
Fill in Edges:
1,5  2,5  13,14  12,14  5,12  5,24  5,6  5,9  9,13  13,24  12,13  13,18  13,17  11,17  11,18  9,11  11,15  6,11  6,12  12,15  9,12  12,18  12,17  6,9  6,15  6,24  6,23  6,22  22,24  23,24  9,24  18,24  17,24  9,23  9,22  9,34  9,16  9,15  16,17  17,34  17,22  17,23  17,18  18,23  18,22  18,34  16,18  18,19  15,18  15,19  15,16  15,34  15,22  10,15  10,23  22,23  23,34  19,23  23,28  23,27  21,27  21,28  19,21  10,21  21,25  16,21  16,22  22,25  10,22  19,22  22,28  22,27  16,19  10,16  16,25  16,34  16,33  16,32  32,34  33,34  10,34  19,34  28,34  27,34  10,27  10,28  10,19  10,33  10,32  10,44  10,26  10,25  19,25  19,26  19,44  19,32  19,33  27,33  27,32  27,44  26,27  27,28  26,28  28,44  28,32  28,33  28,29  25,28  25,29  25,32  25,44  25,26  20,25  20,33  33,44  32,33  29,33  33,38  33,37  31,37  31,38  29,31  20,31  31,35  26,31  26,32  32,35  20,32  29,32  32,38  32,37  26,29  20,26  26,35  26,44  26,43  26,42  42,44  43,44  20,44  29,44  38,44  37,44  20,37  20,38  20,29  20,43  20,42  20,54  20,36  20,35  29,35  29,36  29,54  29,42  29,43  37,43  37,42  37,54  36,37  37,38  36,38  38,54  38,42  38,43  38,39  35,38  35,39  35,42  35,54  35,36  30,35  30,43  43,54  42,43  39,43  43,48  43,47  41,47  41,48  39,41  30,41  41,45  36,41  36,42  42,45  30,42  39,42  42,48  42,47  36,39  30,36  36,45  36,54  36,53  36,52  52,54  53,54  30,54  39,54  48,54  47,54  30,47  30,48  30,39  30,53  30,52  30,64  30,46  30,45  39,45  39,46  39,64  39,52  39,53  47,53  47,52  47,64  46,47  47,48  46,48  48,64  48,52  48,53  48,49  45,48  45,49  45,52  45,64  45,46  40,45  40,53  53,64  52,53  49,53  53,58  53,57  51,57  51,58  49,51  40,51  51,55  46,51  46,52  52,55  40,52  49,52  52,58  52,57  46,49  40,46  46,55  46,64  46,63  46,62  62,64  63,64  40,64  49,64  58,64  57,64  40,57  40,58  40,49  40,63  40,62  40,74  40,56  40,55  49,55  49,56  49,74  49,62  49,63  57,63  57,62  57,74  56,57  57,58  56,58  58,74  58,62  58,63  58,59  55,58  55,59  55,62  55,74  55,56  50,55  50,63  63,74  62,63  59,63  63,68  63,67  61,67  61,68  59,61  50,61  61,65  56,61  56,62  62,65  50,62  59,62  62,68  62,67  56,59  50,56  56,65  56,74  56,73  56,72  72,74  73,74  50,74  59,74  68,74  67,74  67,72  68,72  59,72  50,72  72,73  66,72  65,72  65,71  66,71  50,71  59,71  68,71  67,71  71,82  67,82  68,82  59,82  50,82  66,82  65,82  82,84  82,83  73,82  73,81  81,84  65,81  66,81  50,81  59,81  68,81  67,81  50,67  50,68  50,59  50,66  50,65  50,84  50,73  50,94  50,93  50,83  59,83  59,93  59,94  59,73  59,84  59,65  59,66  66,67  67,84  67,73  67,94  67,93  67,83  67,68  68,83  68,93  68,94  68,73  68,84  66,68  68,69  65,68  65,69  65,66  65,84  65,94  65,93  65,83  60,65  60,73  73,83  73,93  73,94  73,84  69,73  73,78  73,77  66,69  66,84  66,94  66,93  66,83  60,66  66,75  60,84  83,84  84,93  69,84  78,84  77,84  77,83  78,83  69,83  83,93  60,83  83,94  60,94  93,94  69,94  78,94  77,94  76,94  75,94  75,93  76,93  77,93  78,93  69,93  60,93  60,69  60,78  60,77  60,76  60,75  60,95  60,86  60,85  69,85  69,86  69,95  69,75  69,76  76,77  77,95  77,86  77,85  77,78  78,85  78,86  78,95  76,78  78,79  75,78  75,79  75,76  75,95  75,86  75,85  70,75  70,76  76,85  76,95  76,79  79,95  85,95  70,95  88,95  87,95  86,95  86,87  86,88  70,86  85,86  79,86  79,85  70,85  85,88  70,88  70,79  70,98  70,97  70,87  79,97  79,98  88,97  87,88  87,97  87,98  97,98  80,98  80,97  80,89  
Number of Fill-ins: 493

Inside guass function
(1,5 -0.0291453) (2,5 0.00732212) (14,13 -0.0179764) (14,12 -0.00435331) (5,12 0.00358137) (13,12 -0.00870661) (5,6 0.00152886) (5,24 0.0170931) (13,24 -0.0109699) (12,6 -0.000232596) (6,24 -0.0106859) (5,9 -0.0291453) (13,9 -0.00889417) (13,17 -0.0218359) (13,18 -0.010918) (12,9 0.000417061) (12,17 0.00102392) (12,18 0.000511959) (6,9 0.000161284) (24,9 0.00180321) (24,17 0.00442704) (24,18 0.00221352) (17,18 -0.00926609) (11,6 0.0126097) (11,9 -0.00318052) (11,17 -0.00780845) (11,18 -0.00390422) (11,15 -0.0357597) (12,15 -0.00276742) (6,15 0.0126097) (9,15 -0.00318052) (18,15 -0.00390423) (6,23 0.00664445) (24,23 -0.0199362) (9,23 -0.00167591) (17,23 -0.0041145) (18,23 -0.00205725) (6,22 -0.00150385) (24,22 -0.00750422) (9,22 0.000605723) (17,22 0.0014871) (18,22 0.00074355) (15,22 0.00380172) (23,22 -0.011795) (9,16 0.00073874) (17,16 -0.0148587) (18,16 -0.00742936) (15,16 0.00744442) (22,16 -0.000700806) (9,34 0.000522277) (17,34 0.000918695) (18,34 0.000459348) (15,34 0.0159354) (23,34 -0.0135015) (16,34 -0.0137992) (15,10 -0.00107056) (23,10 -0.000409521) (22,10 0.000162435) (16,10 0.000204294) (34,10 0.000134461) (18,19 0.00241988) (15,19 -0.0405745) (23,19 -0.00157391) (22,19 0.000646645) (16,19 -0.00521895) (34,19 0.000444651) (10,19 0.00554997) (23,28 -0.000745787) (22,28 0.000313441) (34,28 0.000188007) (10,28 -0.00611531) (23,27 -0.0258857) (22,27 0.00148717) (34,27 0.00470646) (10,27 0.00145331) (27,28 -0.0103731) (21,16 0.0142026) (21,10 0.000603437) (21,19 -0.00601477) (21,27 -0.00958653) (21,28 -0.00513255) (21,25 -0.0370341) (22,25 -0.00383795) (16,25 0.0142026) (10,25 0.000603437) (19,25 -0.00601477) (28,25 -0.00513255) (16,33 0.00755469) (34,33 -0.0205131) (10,33 0.000320981) (19,33 -0.00319939) (27,33 -0.00509928) (28,33 -0.00273011) (16,32 -0.0021966) (34,32 -0.0101861) (10,32 -7.56398e-05) (19,32 0.00162889) (27,32 0.00196951) (28,32 0.00124687) (25,32 0.00352334) (33,32 -0.0133594) (10,26 0.000248486) (19,26 -0.000996995) (27,26 -0.0180726) (28,26 -0.0115486) (25,26 0.0109048) (32,26 -0.00131851) (10,44 -2.30902e-05) (19,44 0.000691523) (27,44 0.000390213) (28,44 0.0001967) (25,44 0.0158921) (33,44 -0.0146255) (26,44 -0.0159997) (25,20 0.000368936) (33,20 0.000148397) (32,20 -3.63732e-05) (26,20 0.000120665) (44,20 -1.13352e-05) (28,29 0.00251581) (25,29 -0.0446664) (33,29 -0.00238448) (32,29 0.00111895) (26,29 -0.00718853) (44,29 0.000329605) (20,29 0.00568573) (33,38 -0.000871401) (32,38 0.00044115) (44,38 6.73417e-06) (20,38 -0.00871793) (33,37 -0.0275163) (32,37 0.00174052) (44,37 0.00484952) (20,37 0.00147032) (37,38 -0.01079) (31,26 0.0148889) (31,20 0.000597993) (31,29 -0.00734175) (31,37 -0.0103347) (31,38 -0.00557055) (31,35 -0.0375584) (32,35 -0.00439351) (26,35 0.0148889) (20,35 0.000597993) (29,35 -0.00734175) (38,35 -0.00557055) (26,43 0.00795072) (44,43 -0.0207727) (20,43 0.00031933) (29,43 -0.00392052) (37,43 -0.00551876) (38,43 -0.00297469) (26,42 -0.00280245) (44,42 -0.0124252) (20,42 4.54766e-05) (29,42 0.00229042) (37,42 0.00220934) (38,42 0.00147977) (35,42 0.00329531) (43,42 -0.0142331) (20,36 5.32171e-05) (29,36 -0.00165777) (37,36 -0.019183) (38,36 -0.0141887) (35,36 0.0125633) (42,36 -0.00184105) (20,54 8.74185e-06) (29,54 0.000502691) (37,54 9.00648e-05) (38,54 -0.000185535) (35,54 0.015982) (43,54 -0.0152572) (36,54 -0.0176287) (35,30 0.000489611) (43,30 0.000208203) (42,30 3.01888e-05) (36,30 3.50572e-05) (54,30 5.64265e-06) (38,39 0.00243579) (35,39 -0.0467757) (43,39 -0.00282362) (42,39 0.00142093) (36,39 -0.00804158) (54,39 0.000177921) (30,39 0.00571824) (43,48 -0.000884101) (42,48 0.000441847) (54,48 -0.000220348) (30,48 -0.011022) (43,47 -0.0284044) (42,47 0.00191906) (54,47 0.00492194) (30,47 0.00146071) (47,48 -0.0109878) (41,36 0.0152096) (41,30 0.000582946) (41,39 -0.00809181) (41,47 -0.0107509) (41,48 -0.00577836) (41,45 -0.0378495) (42,45 -0.0047064) (36,45 0.0152096) (30,45 0.000582946) (39,45 -0.00809181) (48,45 -0.00577836) (36,53 0.00813966) (54,53 -0.0209269) (30,53 0.000311973) (39,53 -0.00433046) (47,53 -0.00575352) (48,53 -0.00309238) (36,52 -0.00336878) (54,52 -0.0142399) (30,52 0.000196466) (39,52 0.00273086) (47,52 0.00237367) (48,52 0.00157022) (45,52 0.00315085) (53,52 -0.014755) (30,46 -0.000234793) (39,46 -0.0018659) (47,46 -0.0196601) (48,46 -0.0160406) (45,46 0.0134188) (52,46 -0.00230826) (30,64 -1.0796e-05) (39,64 0.000325411) (47,64 -0.000123496) (48,64 -0.000556868) (45,64 0.0160589) (53,64 -0.0156649) (46,64 -0.0188561) (45,40 0.000550704) (53,40 0.000242873) (52,40 0.000137458) (46,40 -0.000169349) (64,40 -7.73984e-06) (48,49 0.00237677) (45,49 -0.0480734) (53,49 -0.00310167) (52,49 0.00162694) (46,49 -0.00845317) (64,49 4.73705e-05) (40,49 0.00568876) (53,58 -0.000878777) (52,58 0.000371875) (64,58 -0.000454835) (40,58 -0.0129641) (53,57 -0.0289658) (52,57 0.00206071) (64,57 0.00495729) (40,57 0.00143702) (57,58 -0.0110922) (51,46 0.0153707) (51,40 0.000562747) (51,49 -0.00857697) (51,57 -0.0110172) (51,58 -0.00589555) (51,55 -0.0380351) (52,55 -0.00489045) (46,55 0.0153707) (40,55 0.000562748) (49,55 -0.00857697) (58,55 -0.00589555) (46,63 0.0082373) (64,63 -0.021032) (40,63 0.000301582) (49,63 -0.00459648) (57,63 -0.00590421) (58,63 -0.00315948) (46,62 -0.00391005) (64,62 -0.0156848) (40,62 0.000348876) (49,62 0.00305062) (57,62 0.00250498) (58,62 0.00158319) (55,62 0.00306628) (63,62 -0.0150835) (40,56 -0.000569319) (49,56 -0.00189961) (57,56 -0.0198867) (58,56 -0.0173806) (55,56 0.0138921) (62,56 -0.00273983) (40,74 -6.04537e-05) (49,74 0.000183221) (57,74 -0.000286871) (58,74 -0.000904143) (55,74 0.016113) (63,74 -0.0159504) (56,74 -0.0197894) (55,50 0.000589304) (63,50 0.000265223) (62,50 0.000251728) (56,50 -0.000436723) (74,50 -4.57066e-05) (58,59 0.00234794) (55,59 -0.048959) (63,59 -0.00329546) (62,59 0.0017791) (56,59 -0.00866772) (74,59 -5.95446e-05) (50,59 0.00562479) (63,68 -0.000874022) (62,68 0.000261864) (74,68 -0.000684901) (50,68 -0.014557) (63,67 -0.0293544) (62,67 0.00218004) (74,67 0.00497394) (50,67 0.00140397) (67,68 -0.0111502) (61,56 0.0154558) (61,50 0.000537347) (61,59 -0.00891853) (61,67 -0.0112027) (61,68 -0.00596922) (61,65 -0.0381638) (62,65 -0.0050001) (56,65 0.0154558) (50,65 0.000537347) (59,65 -0.00891853) (68,65 -0.00596922) (56,73 0.00829091) (74,73 -0.0211091) (50,73 0.000288247) (59,73 -0.00478414) (67,73 -0.00600945) (68,73 -0.00320205) (56,72 -0.00442196) (74,72 -0.0168261) (72,50 0.000489692) (72,59 0.00330062) (72,67 0.00261794) (72,68 0.00155132) (72,65 0.00302153) (72,73 -0.0152987) (72,66 -0.00313907) (50,66 -0.000920026) (59,66 -0.00186645) (67,66 -0.0199994) (68,66 -0.0183647) (65,66 0.0141706) (50,84 -0.000130948) (59,84 7.08633e-05) (67,84 -0.000414546) (68,84 -0.0012222) (65,84 0.0161508) (73,84 -0.0161608) (66,84 -0.0205072) (71,82 0.0277382) (71,50 -6.35458e-05) (71,59 -0.000452881) (71,67 -0.000296854) (71,68 -0.000144383) (71,65 -0.000653546) (71,66 0.000677923) (82,50 0.000355232) (82,59 0.00253168) (82,67 0.00165947) (82,68 0.000807127) (82,65 0.00365343) (82,73 -0.0128341) (82,66 -0.00378971) (82,84 -0.0234443) (82,83 -0.0277382) (50,83 6.35458e-05) (59,83 0.000452881) (67,83 0.000296854) (68,83 0.000144383) (65,83 0.000653546) (73,83 -0.00229583) (66,83 -0.000677923) (84,83 -0.00419384) (81,50 -0.000224841) (81,59 -0.0016024) (81,67 -0.00105034) (81,68 -0.000510864) (81,65 -0.00231241) (81,73 -0.00211068) (81,66 0.00239866) (81,84 0.0111774) (50,94 0.00011242) (50,93 0.000224841) (59,94 0.000801202) (59,93 0.0016024) (67,94 0.000525172) (67,93 0.00105034) (68,94 0.000255432) (68,93 0.000510864) (65,94 0.0011562) (65,93 0.00231241) (73,94 0.00105534) (73,93 0.00211068) (66,94 -0.00119933) (66,93 -0.00239866) (84,93 -0.0111774) (83,94 -0.00511694) (83,93 -0.0102339) (94,93 -0.0109949) (65,60 0.000586775) (73,60 0.000252945) (66,60 -0.000702996) (84,60 3.25988e-05) (83,60 6.11194e-06) (94,60 5.86145e-05) (93,60 0.000117229) (68,69 0.00233449) (65,69 -0.0498371) (73,69 -0.00358325) (66,69 -0.00864641) (84,69 0.000572254) (83,69 3.25932e-05) (94,69 0.000312575) (93,69 0.000625149) (60,69 0.00551172) (73,78 -0.000883577) (84,78 -0.000853755) (83,78 2.22942e-06) (94,78 2.13805e-05) (93,78 4.2761e-05) (60,78 -0.0158476) (73,77 -0.0299302) (84,77 0.00586803) (83,77 3.9343e-05) (94,77 0.000377306) (93,77 0.000754612) (60,77 0.00133337) (77,78 -0.011232) (66,75 0.0203363) (94,75 0.000622543) (93,75 0.00124509) (60,75 0.000604616) (69,75 -0.012081) (78,75 -0.00786471) (94,76 -0.000727677) (93,76 -0.00145535) (60,76 -0.00122417) (69,76 -0.00156752) (77,76 -0.0199006) (78,76 -0.0190264) (75,76 0.0145782) (60,85 0.000127799) (69,85 -0.00198111) (77,85 -0.0021759) (78,85 -0.00106429) (75,85 -0.0375009) (76,85 0.0162785) (60,86 2.65235e-05) (69,86 0.000254322) (77,86 -6.33122e-05) (78,86 -0.000391974) (75,86 0.0014202) (86,85 0.00571976) (60,95 0.000183016) (69,95 0.000608471) (77,95 -2.76661e-05) (78,95 -0.000392272) (75,95 -0.00572193) (76,95 -0.00221949) (95,86 0.0149825) (95,85 -0.0425986) (75,70 0.000687507) (76,70 -0.000994573) (95,70 0.00014555) (86,70 -1.8944e-05) (85,70 0.00019041) (78,79 0.00233366) (75,79 -0.0518913) (76,79 -0.00799424) (95,79 0.00018334) (86,79 5.3652e-06) (85,79 -0.00146383) (70,79 0.00539341) (95,88 -0.000393223) (86,88 -0.000224967) (85,88 -0.000273571) (70,88 -0.0168798) (95,87 -0.00206177) (86,87 0.00114516) (70,87 0.00144936) (88,87 -0.0137088) (70,97 0.000228289) (79,97 -0.000904982) (88,97 -0.00109184) (87,97 -0.00152432) (70,98 -0.000421807) (79,98 -3.35855e-05) (87,98 -0.00473722) (98,97 -0.00655473) (98,80 -0.000138237) (97,80 0.000372921) (89,80 0.00678689) 
Non zero element count = 493
The solution is: 
x1=0.000015	x2=0.000008	x3=0.000009	x4=0.000003	x5=0.000015	x6=0.000003	x7=0.000009	x8=0.000001	x9=0.000014	x10=-0.000003	x11=0.000028	x12=0.000015	x13=0.000023	x14=0.000006	x15=0.000028	x16=0.000006	x17=0.000023	x18=0.000002	x19=0.000028	x20=-0.000004	x21=0.000041	x22=0.000020	x23=0.000037	x24=0.000010	x25=0.000042	x26=0.000008	x27=0.000037	x28=0.000003	x29=0.000041	x30=-0.000005	x31=0.000053	x32=0.000024	x33=0.000050	x34=0.000013	x35=0.000054	x36=0.000010	x37=0.000050	x38=0.000003	x39=0.000053	x40=-0.000006	x41=0.000064	x42=0.000027	x43=0.000062	x44=0.000015	x45=0.000065	x46=0.000012	x47=0.000062	x48=0.000004	x49=0.000065	x50=-0.000005	x51=0.000075	x52=0.000029	x53=0.000073	x54=0.000018	x55=0.000076	x56=0.000013	x57=0.000073	x58=0.000005	x59=0.000075	x60=-0.000005	x61=0.000085	x62=0.000031	x63=0.000083	x64=0.000020	x65=0.000085	x66=0.000014	x67=0.000083	x68=0.000006	x69=0.000084	x70=-0.000004	x71=0.000093	x72=0.000031	x73=0.000091	x74=0.000021	x75=0.000093	x76=0.000014	x77=0.000091	x78=0.000006	x79=0.000092	x80=-0.000003	x81=0.000100	x82=0.000032	x83=0.000099	x84=0.000022	x85=0.000100	x86=0.000015	x87=0.000098	x88=0.000007	x89=0.000099	x90=-0.000003	x91=0.000105	x92=0.000032	x93=0.000105	x94=0.000023	x95=0.000105	x96=0.000015	x97=0.000105	x98=0.000007	x99=0.000105	x100=-0.000002	
 Matched=493 Notmatched=0

LexM:
Alpha Ordering:
4->3->1->2->14->7->8->5->13->11->12->6->24->9->17->18->15->23->21->22->16->34->10->19->27->28->25->33->31->32->26->44->20->29->37->38->35->43->41->42->36->54->30->39->47->48->45->53->51->52->46->64->40->49->57->92->58->55->63->61->62->56->74->50->59->67->71->72->91->81->82->68->65->73->66->84->60->69->77->83->96->94->93->78->75->76->70->79->87->99->95->85->86->88->80->89->97->98->90->100->
Fill in Edges:
1,5  2,5  13,14  12,14  5,12  5,24  5,6  5,9  9,13  13,24  12,13  13,18  13,17  11,17  11,18  9,11  11,15  6,11  6,12  12,15  9,12  12,18  12,17  6,9  6,15  6,24  6,23  6,22  22,24  23,24  9,24  18,24  17,24  9,23  9,22  9,34  9,16  9,15  16,17  17,34  17,22  17,23  17,18  18,23  18,22  18,34  16,18  18,19  15,18  15,19  15,16  15,34  15,22  10,15  10,23  22,23  23,34  19,23  23,28  23,27  21,27  21,28  19,21  10,21  21,25  16,21  16,22  22,25  10,22  19,22  22,28  22,27  16,19  10,16  16,25  16,34  16,33  16,32  32,34  33,34  10,34  19,34  28,34  27,34  10,27  10,28  10,19  10,33  10,32  10,44  10,26  10,25  19,25  19,26  19,44  19,32  19,33  27,33  27,32  27,44  26,27  27,28  26,28  28,44  28,32  28,33  28,29  25,28  25,29  25,32  25,44  25,26  20,25  20,33  33,44  32,33  29,33  33,38  33,37  31,37  31,38  29,31  20,31  31,35  26,31  26,32  32,35  20,32  29,32  32,38  32,37  26,29  20,26  26,35  26,44  26,43  26,42  42,44  43,44  20,44  29,44  38,44  37,44  20,37  20,38  20,29  20,43  20,42  20,54  20,36  20,35  29,35  29,36  29,54  29,42  29,43  37,43  37,42  37,54  36,37  37,38  36,38  38,54  38,42  38,43  38,39  35,38  35,39  35,42  35,54  35,36  30,35  30,43  43,54  42,43  39,43  43,48  43,47  41,47  41,48  39,41  30,41  41,45  36,41  36,42  42,45  30,42  39,42  42,48  42,47  36,39  30,36  36,45  36,54  36,53  36,52  52,54  53,54  30,54  39,54  48,54  47,54  30,47  30,48  30,39  30,53  30,52  30,64  30,46  30,45  39,45  39,46  39,64  39,52  39,53  47,53  47,52  47,64  46,47  47,48  46,48  48,64  48,52  48,53  48,49  45,48  45,49  45,52  45,64  45,46  40,45  40,53  53,64  52,53  49,53  53,58  53,57  51,57  51,58  49,51  40,51  51,55  46,51  46,52  52,55  40,52  49,52  52,58  52,57  46,49  40,46  46,55  46,64  46,63  46,62  62,64  63,64  40,64  49,64  58,64  57,64  40,57  40,58  40,49  40,63  40,62  40,74  40,56  40,55  49,55  49,56  49,74  49,62  49,63  57,63  57,62  57,74  56,57  57,58  56,58  58,74  58,62  58,63  58,59  55,58  55,59  55,62  55,74  55,56  50,55  50,63  63,74  62,63  59,63  63,68  63,67  61,67  61,68  59,61  50,61  61,65  56,61  56,62  62,65  50,62  59,62  62,68  62,67  56,59  50,56  56,65  56,74  56,73  56,72  72,74  73,74  50,74  59,74  68,74  67,74  50,67  50,68  50,59  50,73  50,72  50,84  50,66  50,65  59,65  59,66  59,84  59,72  59,73  67,73  67,72  67,84  66,67  67,68  68,72  66,72  72,73  69,72  65,72  60,72  60,82  65,82  69,82  73,82  66,82  68,82  82,84  82,83  68,83  68,84  66,68  68,73  68,69  65,68  68,94  68,93  65,93  65,94  65,69  65,66  65,84  65,83  60,65  60,73  73,83  73,84  69,73  73,94  73,93  73,78  73,77  66,93  66,94  66,69  66,84  66,83  60,66  66,75  60,84  83,84  69,84  84,93  78,84  77,84  60,77  60,78  60,93  60,69  60,83  60,94  60,76  60,75  69,75  69,76  69,94  69,83  69,93  77,93  77,83  77,94  76,77  77,78  78,83  83,94  83,93  79,83  70,83  70,94  79,94  93,94  78,94  76,94  75,94  75,93  76,93  78,93  79,93  70,93  78,79  76,78  75,78  78,95  78,86  78,85  75,85  75,86  75,95  75,76  75,79  70,75  70,76  76,79  76,95  76,85  70,85  70,95  70,79  70,88  70,87  70,86  79,86  79,95  79,85  87,95  86,87  87,88  88,95  86,95  89,95  85,95  80,95  80,85  85,89  85,86  85,88  86,88  86,89  80,86  88,89  88,97  80,97  80,89  80,98  97,98  
Number of Fill-ins: 468

Inside guass function
(1,5 -0.0291453) (2,5 0.00732212) (14,13 -0.0179764) (14,12 -0.00435331) (5,12 0.00358137) (13,12 -0.00870661) (5,6 0.00152886) (5,24 0.0170931) (13,24 -0.0109699) (12,6 -0.000232596) (6,24 -0.0106859) (5,9 -0.0291453) (13,9 -0.00889417) (13,17 -0.0218359) (13,18 -0.010918) (12,9 0.000417061) (12,17 0.00102392) (12,18 0.000511959) (6,9 0.000161284) (24,9 0.00180321) (24,17 0.00442704) (24,18 0.00221352) (17,18 -0.00926609) (11,6 0.0126097) (11,9 -0.00318052) (11,17 -0.00780845) (11,18 -0.00390422) (11,15 -0.0357597) (12,15 -0.00276742) (6,15 0.0126097) (9,15 -0.00318052) (18,15 -0.00390423) (6,23 0.00664445) (24,23 -0.0199362) (9,23 -0.00167591) (17,23 -0.0041145) (18,23 -0.00205725) (6,22 -0.00150385) (24,22 -0.00750422) (9,22 0.000605723) (17,22 0.0014871) (18,22 0.00074355) (15,22 0.00380172) (23,22 -0.011795) (9,16 0.00073874) (17,16 -0.0148587) (18,16 -0.00742936) (15,16 0.00744442) (22,16 -0.000700806) (9,34 0.000522277) (17,34 0.000918695) (18,34 0.000459348) (15,34 0.0159354) (23,34 -0.0135015) (16,34 -0.0137992) (15,10 -0.00107056) (23,10 -0.000409521) (22,10 0.000162435) (16,10 0.000204294) (34,10 0.000134461) (18,19 0.00241988) (15,19 -0.0405745) (23,19 -0.00157391) (22,19 0.000646645) (16,19 -0.00521895) (34,19 0.000444651) (10,19 0.00554997) (23,28 -0.000745787) (22,28 0.000313441) (34,28 0.000188007) (10,28 -0.00611531) (23,27 -0.0258857) (22,27 0.00148717) (34,27 0.00470646) (10,27 0.00145331) (27,28 -0.0103731) (21,16 0.0142026) (21,10 0.000603437) (21,19 -0.00601477) (21,27 -0.00958653) (21,28 -0.00513255) (21,25 -0.0370341) (22,25 -0.00383795) (16,25 0.0142026) (10,25 0.000603437) (19,25 -0.00601477) (28,25 -0.00513255) (16,33 0.00755469) (34,33 -0.0205131) (10,33 0.000320981) (19,33 -0.00319939) (27,33 -0.00509928) (28,33 -0.00273011) (16,32 -0.0021966) (34,32 -0.0101861) (10,32 -7.56398e-05) (19,32 0.00162889) (27,32 0.00196951) (28,32 0.00124687) (25,32 0.00352334) (33,32 -0.0133594) (10,26 0.000248486) (19,26 -0.000996995) (27,26 -0.0180726) (28,26 -0.0115486) (25,26 0.0109048) (32,26 -0.00131851) (10,44 -2.30902e-05) (19,44 0.000691523) (27,44 0.000390213) (28,44 0.0001967) (25,44 0.0158921) (33,44 -0.0146255) (26,44 -0.0159997) (25,20 0.000368936) (33,20 0.000148397) (32,20 -3.63732e-05) (26,20 0.000120665) (44,20 -1.13352e-05) (28,29 0.00251581) (25,29 -0.0446664) (33,29 -0.00238448) (32,29 0.00111895) (26,29 -0.00718853) (44,29 0.000329605) (20,29 0.00568573) (33,38 -0.000871401) (32,38 0.00044115) (44,38 6.73417e-06) (20,38 -0.00871793) (33,37 -0.0275163) (32,37 0.00174052) (44,37 0.00484952) (20,37 0.00147032) (37,38 -0.01079) (31,26 0.0148889) (31,20 0.000597993) (31,29 -0.00734175) (31,37 -0.0103347) (31,38 -0.00557055) (31,35 -0.0375584) (32,35 -0.00439351) (26,35 0.0148889) (20,35 0.000597993) (29,35 -0.00734175) (38,35 -0.00557055) (26,43 0.00795072) (44,43 -0.0207727) (20,43 0.00031933) (29,43 -0.00392052) (37,43 -0.00551876) (38,43 -0.00297469) (26,42 -0.00280245) (44,42 -0.0124252) (20,42 4.54766e-05) (29,42 0.00229042) (37,42 0.00220934) (38,42 0.00147977) (35,42 0.00329531) (43,42 -0.0142331) (20,36 5.32171e-05) (29,36 -0.00165777) (37,36 -0.019183) (38,36 -0.0141887) (35,36 0.0125633) (42,36 -0.00184105) (20,54 8.74185e-06) (29,54 0.000502691) (37,54 9.00648e-05) (38,54 -0.000185535) (35,54 0.015982) (43,54 -0.0152572) (36,54 -0.0176287) (35,30 0.000489611) (43,30 0.000208203) (42,30 3.01888e-05) (36,30 3.50572e-05) (54,30 5.64265e-06) (38,39 0.00243579) (35,39 -0.0467757) (43,39 -0.00282362) (42,39 0.00142093) (36,39 -0.00804158) (54,39 0.000177921) (30,39 0.00571824) (43,48 -0.000884101) (42,48 0.000441847) (54,48 -0.000220348) (30,48 -0.011022) (43,47 -0.0284044) (42,47 0.00191906) (54,47 0.00492194) (30,47 0.00146071) (47,48 -0.0109878) (41,36 0.0152096) (41,30 0.000582946) (41,39 -0.00809181) (41,47 -0.0107509) (41,48 -0.00577836) (41,45 -0.0378495) (42,45 -0.0047064) (36,45 0.0152096) (30,45 0.000582946) (39,45 -0.00809181) (48,45 -0.00577836) (36,53 0.00813966) (54,53 -0.0209269) (30,53 0.000311973) (39,53 -0.00433046) (47,53 -0.00575352) (48,53 -0.00309238) (36,52 -0.00336878) (54,52 -0.0142399) (30,52 0.000196466) (39,52 0.00273086) (47,52 0.00237367) (48,52 0.00157022) (45,52 0.00315085) (53,52 -0.014755) (30,46 -0.000234793) (39,46 -0.0018659) (47,46 -0.0196601) (48,46 -0.0160406) (45,46 0.0134188) (52,46 -0.00230826) (30,64 -1.0796e-05) (39,64 0.000325411) (47,64 -0.000123496) (48,64 -0.000556868) (45,64 0.0160589) (53,64 -0.0156649) (46,64 -0.0188561) (45,40 0.000550704) (53,40 0.000242873) (52,40 0.000137458) (46,40 -0.000169349) (64,40 -7.73984e-06) (48,49 0.00237677) (45,49 -0.0480734) (53,49 -0.00310167) (52,49 0.00162694) (46,49 -0.00845317) (64,49 4.73705e-05) (40,49 0.00568876) (53,58 -0.000878777) (52,58 0.000371875) (64,58 -0.000454835) (40,58 -0.0129641) (53,57 -0.0289658) (52,57 0.00206071) (64,57 0.00495729) (40,57 0.00143702) (57,58 -0.0110922) (51,46 0.0153707) (51,40 0.000562747) (51,49 -0.00857697) (51,57 -0.0110172) (51,58 -0.00589555) (51,55 -0.0380351) (52,55 -0.00489045) (46,55 0.0153707) (40,55 0.000562748) (49,55 -0.00857697) (58,55 -0.00589555) (46,63 0.0082373) (64,63 -0.021032) (40,63 0.000301582) (49,63 -0.00459648) (57,63 -0.00590421) (58,63 -0.00315948) (46,62 -0.00391005) (64,62 -0.0156848) (40,62 0.000348876) (49,62 0.00305062) (57,62 0.00250498) (58,62 0.00158319) (55,62 0.00306628) (63,62 -0.0150835) (40,56 -0.000569319) (49,56 -0.00189961) (57,56 -0.0198867) (58,56 -0.0173806) (55,56 0.0138921) (62,56 -0.00273983) (40,74 -6.04537e-05) (49,74 0.000183221) (57,74 -0.000286871) (58,74 -0.000904143) (55,74 0.016113) (63,74 -0.0159504) (56,74 -0.0197894) (55,50 0.000589304) (63,50 0.000265223) (62,50 0.000251728) (56,50 -0.000436723) (74,50 -4.57066e-05) (58,59 0.00234794) (55,59 -0.048959) (63,59 -0.00329546) (62,59 0.0017791) (56,59 -0.00866772) (74,59 -5.95446e-05) (50,59 0.00562479) (63,68 -0.000874022) (62,68 0.000261864) (74,68 -0.000684901) (50,68 -0.014557) (63,67 -0.0293544) (62,67 0.00218004) (74,67 0.00497394) (50,67 0.00140397) (67,68 -0.0111502) (61,56 0.0154558) (61,50 0.000537347) (61,59 -0.00891853) (61,67 -0.0112027) (61,68 -0.00596922) (61,65 -0.0381638) (62,65 -0.0050001) (56,65 0.0154558) (50,65 0.000537347) (59,65 -0.00891853) (68,65 -0.00596922) (56,73 0.00829091) (74,73 -0.0211091) (50,73 0.000288247) (59,73 -0.00478414) (67,73 -0.00600945) (68,73 -0.00320205) (56,72 -0.00442196) (74,72 -0.0168261) (50,72 0.000489692) (59,72 0.00330062) (67,72 0.00261794) (72,68 0.00155132) (72,65 0.00302153) (72,73 -0.0152987) (50,66 -0.000920026) (59,66 -0.00186645) (67,66 -0.0199994) (72,66 -0.00313907) (68,66 -0.0183647) (65,66 0.0141706) (50,84 -0.000130948) (59,84 7.08633e-05) (67,84 -0.000414546) (68,84 -0.0012222) (65,84 0.0161508) (73,84 -0.0161608) (66,84 -0.0205072) (72,60 0.00035729) (65,60 0.000614637) (73,60 0.000278379) (66,60 -0.000731895) (84,60 -0.000102113) (72,69 0.00189971) (68,69 0.00234011) (65,69 -0.049606) (73,69 -0.00343875) (66,69 -0.00878607) (84,69 -0.000145976) (60,69 0.00554141) (73,83 -0.0417094) (84,83 -0.0149224) (82,68 0.00014244) (82,65 0.00585446) (82,73 0.00366063) (82,66 -0.00353781) (82,84 -0.0181946) (82,60 0.000752093) (82,69 0.00151781) (82,83 -0.0166623) (68,83 1.48527e-05) (65,83 0.000610464) (66,83 -0.000368899) (60,83 7.84233e-05) (69,83 0.000158267) (83,94 -0.0208547) (83,93 -0.0417094) (94,93 -0.0149224) (68,94 2.93339e-05) (68,93 5.86677e-05) (65,94 0.00120566) (65,93 0.00241131) (73,94 0.000753864) (73,93 0.00150773) (66,94 -0.000728569) (66,93 -0.00145714) (84,93 -0.00749391) (60,94 0.000154885) (60,93 0.000309769) (69,94 0.000312575) (69,93 0.000625149) (73,78 -0.000883577) (84,78 -0.000853755) (60,78 -0.0158476) (83,78 2.22942e-06) (94,78 2.13805e-05) (93,78 4.2761e-05) (73,77 -0.0299302) (84,77 0.00586803) (60,77 0.00133337) (77,83 3.9343e-05) (77,94 0.000377306) (77,93 0.000754612) (77,78 -0.011232) (66,75 0.0203363) (60,75 0.000604616) (69,75 -0.012081) (94,75 0.000622543) (93,75 0.00124509) (78,75 -0.00786471) (60,76 -0.00122417) (69,76 -0.00156752) (77,76 -0.0199006) (94,76 -0.000727677) (93,76 -0.00145535) (78,76 -0.0190264) (75,76 0.0145782) (83,70 0.000246493) (94,70 4.25895e-05) (93,70 0.000190367) (75,70 0.000585999) (76,70 -0.00098151) (83,79 -0.00372856) (94,79 0.000747882) (93,79 0.000854534) (78,79 0.00234502) (75,79 -0.0504127) (76,79 -0.00865273) (70,79 0.0054033) (78,85 -0.000494285) (75,85 -0.039673) (76,85 0.0159682) (70,85 -0.000215254) (79,85 -0.00154079) (78,86 -0.00045433) (75,86 0.00152056) (70,86 8.00306e-05) (79,86 5.57931e-05) (85,86 0.0057269) (78,95 -0.000536297) (75,95 -0.00542038) (76,95 -0.00218137) (70,95 0.00027923) (79,95 0.00018334) (95,85 -0.0425829) (95,86 0.014982) (70,88 -0.0168798) (95,88 -0.000393223) (85,88 -0.000273571) (86,88 -0.000224967) (70,87 0.00144936) (87,95 -0.00206177) (87,86 0.00114516) (87,88 -0.0137088) (95,80 0.000267457) (85,80 0.000805052) (86,80 -0.00133403) (95,89 -0.0013549) (85,89 -0.0522532) (86,89 -0.0080193) (88,89 0.00235559) (80,89 0.00528179) (88,97 -0.000805066) (80,97 6.30316e-05) (80,98 0.000819743) (97,98 -0.0221388) 
Non zero element count = 468
The solution is: 
x1=0.000015	x2=0.000008	x3=0.000009	x4=0.000003	x5=0.000015	x6=0.000003	x7=0.000009	x8=0.000001	x9=0.000014	x10=-0.000003	x11=0.000028	x12=0.000015	x13=0.000023	x14=0.000006	x15=0.000028	x16=0.000006	x17=0.000023	x18=0.000002	x19=0.000028	x20=-0.000004	x21=0.000041	x22=0.000020	x23=0.000037	x24=0.000010	x25=0.000042	x26=0.000008	x27=0.000037	x28=0.000003	x29=0.000041	x30=-0.000005	x31=0.000053	x32=0.000024	x33=0.000050	x34=0.000013	x35=0.000054	x36=0.000010	x37=0.000050	x38=0.000003	x39=0.000053	x40=-0.000006	x41=0.000064	x42=0.000027	x43=0.000062	x44=0.000015	x45=0.000065	x46=0.000012	x47=0.000062	x48=0.000004	x49=0.000065	x50=-0.000005	x51=0.000075	x52=0.000029	x53=0.000073	x54=0.000018	x55=0.000076	x56=0.000013	x57=0.000073	x58=0.000005	x59=0.000075	x60=-0.000005	x61=0.000085	x62=0.000031	x63=0.000083	x64=0.000020	x65=0.000085	x66=0.000014	x67=0.000083	x68=0.000006	x69=0.000084	x70=-0.000004	x71=0.000093	x72=0.000031	x73=0.000091	x74=0.000021	x75=0.000093	x76=0.000014	x77=0.000091	x78=0.000006	x79=0.000092	x80=-0.000003	x81=0.000100	x82=0.000032	x83=0.000099	x84=0.000022	x85=0.000100	x86=0.000015	x87=0.000098	x88=0.000007	x89=0.000099	x90=-0.000003	x91=0.000105	x92=0.000032	x93=0.000105	x94=0.000023	x95=0.000105	x96=0.000015	x97=0.000105	x98=0.000007	x99=0.000105	x100=-0.000002	
 Matched=468 Notmatched=0

Original Ordering:
1->2->3->4->5->6->7->8->9->10->11->12->13->14->15->16->17->18->19->20->21->22->23->24->25->26->27->28->29->30->31->32->33->34->35->36->37->38->39->40->41->42->43->44->45->46->47->48->49->50->51->52->53->54->55->56->57->58->59->60->61->62->63->64->65->66->67->68->69->70->71->72->73->74->75->76->77->78->79->80->81->82->83->84->85->86->87->88->89->90->91->92->93->94->95->96->97->98->99->100->
Fill in Edges:
2,3  3,14  3,13  3,12  5,12  7,12  7,18  7,17  7,14  7,13  13,18  13,17  13,16  13,14  9,13  9,14  9,12  10,12  10,14  10,13  12,13  12,14  12,20  12,18  12,17  13,20  13,24  13,23  13,22  14,22  14,23  14,20  14,16  14,17  14,18  14,15  15,18  15,16  15,20  15,22  16,22  16,20  16,18  16,17  17,18  17,20  17,22  17,28  17,27  17,26  17,24  17,23  18,23  18,24  18,26  18,27  18,22  18,20  18,19  19,22  19,26  19,24  19,23  20,23  20,24  20,26  20,22  22,26  22,24  22,23  22,30  22,28  22,27  23,27  23,28  23,30  23,24  23,26  23,34  23,33  23,32  24,32  24,33  24,26  24,30  24,28  24,27  24,25  25,28  25,30  25,26  25,32  26,32  26,30  26,28  26,27  27,28  27,30  27,32  27,38  27,37  27,36  27,34  27,33  28,33  28,34  28,36  28,37  28,32  28,30  28,29  29,32  29,36  29,34  29,33  30,33  30,34  30,36  30,32  32,36  32,34  32,33  32,40  32,38  32,37  33,37  33,38  33,40  33,34  33,36  33,44  33,43  33,42  34,42  34,43  34,36  34,40  34,38  34,37  34,35  35,38  35,40  35,36  35,42  36,42  36,40  36,38  36,37  37,38  37,40  37,42  37,48  37,47  37,46  37,44  37,43  38,43  38,44  38,46  38,47  38,42  38,40  38,39  39,42  39,46  39,44  39,43  40,43  40,44  40,46  40,42  42,46  42,44  42,43  42,50  42,48  42,47  43,47  43,48  43,50  43,44  43,46  43,54  43,53  43,52  44,52  44,53  44,46  44,50  44,48  44,47  44,45  45,48  45,50  45,46  45,52  46,52  46,50  46,48  46,47  47,48  47,50  47,52  47,58  47,57  47,56  47,54  47,53  48,53  48,54  48,56  48,57  48,52  48,50  48,49  49,52  49,56  49,54  49,53  50,53  50,54  50,56  50,52  52,56  52,54  52,53  52,60  52,58  52,57  53,57  53,58  53,60  53,54  53,56  53,64  53,63  53,62  54,62  54,63  54,56  54,60  54,58  54,57  54,55  55,58  55,60  55,56  55,62  56,62  56,60  56,58  56,57  57,58  57,60  57,62  57,68  57,67  57,66  57,64  57,63  58,63  58,64  58,66  58,67  58,62  58,60  58,59  59,62  59,66  59,64  59,63  60,63  60,64  60,66  60,62  62,66  62,64  62,63  62,70  62,68  62,67  63,67  63,68  63,70  63,64  63,66  63,74  63,73  63,72  64,72  64,73  64,66  64,70  64,68  64,67  64,65  65,68  65,70  65,66  65,72  66,72  66,70  66,68  66,67  67,68  67,70  67,72  67,78  67,77  67,76  67,74  67,73  68,73  68,74  68,76  68,77  68,72  68,70  68,69  69,72  69,76  69,74  69,73  70,73  70,74  70,76  70,72  72,76  72,74  72,73  72,80  72,78  72,77  73,77  73,78  73,80  73,74  73,76  73,84  73,83  73,82  74,82  74,83  74,76  74,80  74,78  74,77  74,75  75,78  75,80  75,76  75,82  76,82  76,80  76,78  76,77  77,78  77,80  77,82  77,88  77,87  77,86  77,84  77,83  78,83  78,84  78,86  78,87  78,82  78,80  78,79  79,82  79,86  79,84  79,83  80,83  80,84  80,86  80,82  82,86  82,84  82,83  82,90  82,88  82,87  83,87  83,88  83,90  83,84  83,86  83,94  83,93  83,92  84,92  84,93  84,86  84,90  84,88  84,87  84,85  85,88  85,90  85,86  85,92  86,92  86,90  86,88  86,87  87,88  87,90  87,92  87,98  87,97  87,96  87,94  87,93  88,93  88,94  88,96  88,97  88,92  88,90  88,89  89,92  89,96  89,94  89,93  90,93  90,94  90,96  90,92  92,96  92,94  92,93  92,100  92,98  92,97  93,97  93,98  93,100  93,94  93,96  94,96  94,100  94,98  94,97  94,95  95,98  95,100  95,96  96,100  96,98  96,97  97,98  97,100  98,100  98,99  99,100  
Number of Fill-ins: 458

Inside guass function
(2,3 0.0208547) (3,13 -0.0417094) (3,14 -0.0208547) (13,14 -0.0149224) (3,12 0.0101624) (12,13 -0.0101624) (12,14 -0.00508121) (5,12 0.00358137) (7,12 0.00116328) (7,13 -0.027895) (7,14 0.00929438) (7,17 -0.0232419) (7,18 -0.011621) (12,17 0.000832379) (12,18 0.000416189) (13,17 -0.0199601) (13,18 -0.00998003) (14,17 0.00665052) (14,18 0.00332526) (17,18 -0.00831528) (13,16 0.0164199) (14,16 -0.00820995) (16,17 -0.0164199) (16,18 -0.00820995) (9,12 0.000374496) (9,13 -0.00898024) (9,14 0.00299214) (10,12 9.61413e-05) (10,13 -0.00230543) (10,14 0.000768148) (12,20 4.7047e-05) (13,20 -0.00112816) (14,20 0.000375895) (17,20 0.00757844) (18,20 -0.0047292) (13,23 -0.0417094) (13,24 -0.0208547) (23,24 -0.0149224) (13,22 0.00849525) (14,22 -0.00302614) (14,23 -0.000315546) (17,22 0.000721894) (17,23 7.52744e-05) (17,24 3.76372e-05) (18,22 0.000240529) (18,23 2.50808e-05) (18,24 1.25404e-05) (20,22 3.01046e-05) (20,23 3.13911e-06) (20,24 1.56955e-06) (22,23 -0.0133446) (22,24 -0.00667228) (14,15 -0.00353071) (15,16 0.00754814) (15,18 -0.0034758) (15,20 -0.00051953) (15,22 0.00390522) (16,20 8.53063e-05) (16,22 -0.000641233) (17,27 -0.0267421) (17,28 -0.013371) (18,27 -0.000831953) (22,27 0.000933527) (22,28 0.000466763) (23,27 -0.0217574) (23,28 -0.0108787) (24,27 0.00584025) (24,28 0.00292013) (27,28 -0.00861659) (17,26 -0.00680563) (18,26 -0.00438461) (20,26 6.19426e-05) (22,26 -0.000468213) (23,26 0.0240013) (24,26 -0.0126126) (26,27 -0.0198484) (26,28 -0.00992418) (18,19 0.00235378) (19,22 0.00135631) (19,23 -0.0158794) (19,24 0.00439129) (19,26 -0.00293761) (22,30 0.000216269) (23,30 -0.00209805) (24,30 0.00060808) (26,30 -0.000338234) (27,30 0.00981921) (28,30 -0.00808335) (23,33 -0.0417094) (23,34 -0.0208547) (33,34 -0.0149224) (23,32 0.00782697) (24,32 -0.00573316) (24,33 -0.000597816) (26,32 -0.000239894) (27,32 0.00148806) (27,33 0.000155165) (27,34 7.75824e-05) (28,32 0.000431284) (28,33 4.49715e-05) (28,34 2.24857e-05) (30,32 0.00015339) (30,33 1.59945e-05) (30,34 7.99724e-06) (32,33 -0.0147913) (32,34 -0.00739565) (24,25 -0.0039302) (25,26 0.0109922) (25,28 -0.00378051) (25,30 -0.00102638) (25,32 0.0038136) (27,37 -0.0281241) (27,38 -0.014062) (28,37 -0.000915235) (32,37 0.000909804) (32,38 0.000454902) (33,37 -0.0222461) (33,38 -0.0111231) (34,37 0.00563428) (34,38 0.00281714) (37,38 -0.00869763) (27,36 -0.00918274) (28,36 -0.00708726) (30,36 -3.09237e-05) (32,36 -0.000915527) (33,36 0.0276132) (34,36 -0.0152967) (36,37 -0.0210205) (36,38 -0.0105103) (28,29 0.00241596) (29,32 0.00199721) (29,33 -0.0189188) (29,34 0.00434416) (29,36 -0.00432001) (32,40 0.000424481) (33,40 -0.00268893) (34,40 0.000652105) (36,40 -0.000647205) (37,40 0.0107947) (38,40 -0.0109178) (33,43 -0.0417094) (33,44 -0.0208547) (43,44 -0.0149224) (33,42 0.00750727) (34,42 -0.00814743) (34,43 -0.00084956) (36,42 -0.000482978) (37,42 0.00200662) (37,43 0.000209237) (37,44 0.000104618) (38,42 0.000486634) (38,43 5.0743e-05) (38,44 2.53715e-05) (40,42 0.00031677) (40,43 3.30307e-05) (40,44 1.65153e-05) (42,43 -0.0155628) (42,44 -0.00778142) (34,35 -0.00394351) (35,36 0.0126249) (35,38 -0.00367512) (35,40 -0.00135314) (35,42 0.00375561) (37,47 -0.0288169) (37,48 -0.0144085) (38,47 -0.000895973) (42,47 0.000890635) (42,48 0.000445317) (43,47 -0.0224806) (43,48 -0.0112403) (44,47 0.00555882) (44,48 0.00277941) (47,48 -0.00873638) (37,46 -0.0100988) (38,46 -0.0089896) (40,46 -0.000145112) (42,46 -0.00129302) (43,46 0.0294114) (44,46 -0.0171176) (46,47 -0.0215514) (46,48 -0.0107757) (38,39 0.00234844) (39,42 0.00240688) (39,43 -0.0206146) (39,44 0.00416752) (39,46 -0.004961) (42,50 0.00063398) (43,50 -0.00306581) (44,50 0.000608375) (46,50 -0.000931188) (47,50 0.011232) (48,50 -0.0132761) (43,53 -0.0417094) (43,54 -0.0208547) (53,54 -0.0149224) (43,52 0.0073892) (44,52 -0.0101946) (44,53 -0.00106303) (46,52 -0.000715055) (47,52 0.00235422) (47,53 0.000245483) (47,54 0.000122741) (48,52 0.000467168) (48,53 4.87132e-05) (48,54 2.43566e-05) (50,52 0.00048683) (50,53 5.07635e-05) (50,54 2.53817e-05) (52,53 -0.0160142) (52,54 -0.00800711) (44,45 -0.00392218) (45,46 0.0134747) (45,48 -0.00352879) (45,50 -0.00156883) (45,52 0.00375252) (47,57 -0.0292373) (47,58 -0.0146186) (48,57 -0.000864811) (52,57 0.000884576) (52,58 0.000442288) (53,57 -0.0226172) (53,58 -0.0113086) (54,57 0.00552038) (54,58 0.00276019) (57,58 -0.00875905) (47,56 -0.0104566) (48,56 -0.0103908) (50,56 -0.000276944) (52,56 -0.00162913) (53,56 0.0303647) (54,56 -0.0184127) (56,57 -0.0218256) (56,58 -0.0109128) (48,49 0.00232139) (49,52 0.0026941) (49,53 -0.0217162) (49,54 0.00400277) (49,56 -0.00527281) (52,60 0.000830174) (53,60 -0.00333055) (54,60 0.000519279) (56,60 -0.00120703) (57,60 0.011403) (58,60 -0.0151985) (53,63 -0.0417094) (53,64 -0.0208547) (63,64 -0.0149224) (53,62 0.00738568) (54,62 -0.0118764) (54,63 -0.00123839) (56,62 -0.000943192) (57,62 0.00260255) (57,63 0.000271377) (57,64 0.000135688) (58,62 0.000405773) (58,63 4.23114e-05) (58,64 2.11557e-05) (60,62 0.000648711) (60,63 6.76434e-05) (60,64 3.38217e-05) (62,63 -0.0162962) (62,64 -0.0081481) (54,55 -0.00390862) (55,56 0.0139535) (55,58 -0.0033962) (55,60 -0.0017235) (55,62 0.0037871) (57,67 -0.0295225) (57,68 -0.0147612) (58,67 -0.000835952) (62,67 0.000888255) (62,68 0.000444127) (63,67 -0.0227056) (63,68 -0.0113528) (64,67 0.00549619) (64,68 0.0027481) (67,68 -0.00877384) (57,66 -0.0105807) (58,66 -0.0114364) (60,66 -0.000424785) (62,66 -0.0019379) (63,66 0.030898) (64,66 -0.0193558) (66,67 -0.0219791) (66,68 -0.0109895) (58,59 0.00233002) (59,62 0.00291395) (59,63 -0.0224978) (59,64 0.00386582) (59,66 -0.00542986) (62,70 0.00100703) (63,70 -0.00353421) (64,70 0.000404004) (66,70 -0.00147603) (67,70 0.0114313) (68,70 -0.0167463) (63,73 -0.0417094) (63,74 -0.0208547) (73,74 -0.0149224) (63,72 0.00744757) (64,72 -0.0132351) (64,73 -0.00138007) (66,72 -0.00116655) (67,72 0.00279318) (67,73 0.000291255) (67,74 0.000145627) (68,72 0.000319296) (68,73 3.3294e-05) (68,74 1.6647e-05) (70,72 0.000795886) (70,73 8.29897e-05) (70,74 4.14949e-05) (72,73 -0.016482) (72,74 -0.00824102) (64,65 -0.00390402) (65,66 0.0142418) (65,68 -0.00328602) (65,70 -0.00184376) (65,72 0.00384453) (67,77 -0.02973) (67,78 -0.014865) (68,77 -0.000811928) (72,77 0.000898245) (72,78 0.000449123) (73,77 -0.022767) (73,78 -0.0113835) (74,77 0.00547901) (74,78 0.00273951) (77,78 -0.00878424) (67,76 -0.0106022) (68,76 -0.0122251) (70,76 -0.000580976) (72,76 -0.00222211) (73,76 0.0312108) (74,76 -0.0200572) (76,77 -0.0220706) (76,78 -0.0110353) (68,69 0.00235786) (69,72 0.00309437) (69,73 -0.0230843) (69,74 0.00375612) (69,76 -0.00551011) (72,80 0.00116274) (73,80 -0.00370345) (74,80 0.000273827) (76,80 -0.00173287) (77,80 0.0113803) (78,80 -0.0179866) (73,83 -0.0417094) (73,84 -0.0208547) (83,84 -0.0149224) (73,82 0.00754622) (74,82 -0.014326) (74,83 -0.00149382) (76,82 -0.0013802) (77,82 0.00294974) (77,83 0.000307579) (77,84 0.00015379) (78,82 0.000218099) (78,83 2.2742e-05) (78,84 1.1371e-05) (80,82 0.000926109) (80,83 9.65685e-05) (80,84 4.82843e-05) (82,83 -0.0166104) (82,84 -0.00830522) (74,75 -0.003904) (75,76 0.0144262) (75,78 -0.00319771) (75,80 -0.00194399) (75,82 0.00391474) (77,87 -0.0298885) (77,88 -0.0149442) (78,87 -0.000792801) (82,87 0.000912078) (82,88 0.000456039) (83,87 -0.0228119) (83,88 -0.0114059) (84,87 0.00546614) (84,88 0.00273307) (87,88 -0.00879196) (77,86 -0.0105784) (78,86 -0.0128287) (80,86 -0.000736696) (82,86 -0.00248111) (83,86 0.0314028) (84,86 -0.0205906) (86,87 -0.0221283) (86,88 -0.0110641) (78,79 0.00239256) (79,82 0.00325047) (79,83 -0.0235417) (79,84 0.0036705) (79,86 -0.00555064) (82,90 0.00129808) (83,90 -0.00385291) (84,90 0.000136742) (86,90 -0.00197202) (87,90 0.0112851) (88,90 -0.0189816) (83,93 -0.0417094) (83,94 -0.0208547) (93,94 -0.0149224) (83,92 0.00766455) (84,92 -0.0152028) (84,93 -0.00158525) (86,92 -0.00157944) (87,92 0.00308589) (87,93 0.000321776) (87,94 0.000160888) (88,92 0.00010952) (88,93 1.142e-05) (88,94 5.71001e-06) (90,92 0.00103967) (90,93 0.00010841) (90,94 5.42048e-05) (92,93 -0.016703) (92,94 -0.0083515) (84,85 -0.00390463) (85,86 0.014551) (85,88 -0.00312851) (85,90 -0.00203227) (85,92 0.00399123) (87,97 -0.0300137) (87,98 -0.0150068) (88,97 -0.000778004) (92,97 0.000928097) (92,98 0.000464049) (93,97 -0.022846) (93,98 -0.011423) (94,97 0.00545644) (94,98 0.00272822) (97,98 -0.00879793) (87,96 -0.0105359) (88,96 -0.0132993) (90,96 -0.000885019) (92,96 -0.00271449) (93,96 0.0315262) (94,96 -0.0210062) (96,97 -0.0221667) (96,98 -0.0110833) (88,89 0.00242641) (89,92 0.00339087) (89,93 -0.0239084) (89,94 0.0036055) (89,96 -0.00557) (92,100 0.00141538) (93,100 -0.00399079) (94,100 -1.26368e-06) (96,100 -0.00219012) (97,100 0.0111658) (98,100 -0.0197844) (94,95 -0.0095456) (95,96 0.0185913) (95,98 -0.00400936) (95,100 -0.00243599) (98,99 0.000755169) (99,100 0.00675388) 
Non zero element count = 458
The solution is: 
x1=0.000015	x2=0.000008	x3=0.000009	x4=0.000003	x5=0.000015	x6=0.000003	x7=0.000009	x8=0.000001	x9=0.000014	x10=-0.000003	x11=0.000028	x12=0.000015	x13=0.000023	x14=0.000006	x15=0.000028	x16=0.000006	x17=0.000023	x18=0.000002	x19=0.000028	x20=-0.000004	x21=0.000041	x22=0.000020	x23=0.000037	x24=0.000010	x25=0.000042	x26=0.000008	x27=0.000037	x28=0.000003	x29=0.000041	x30=-0.000005	x31=0.000053	x32=0.000024	x33=0.000050	x34=0.000013	x35=0.000054	x36=0.000010	x37=0.000050	x38=0.000003	x39=0.000053	x40=-0.000006	x41=0.000064	x42=0.000027	x43=0.000062	x44=0.000015	x45=0.000065	x46=0.000012	x47=0.000062	x48=0.000004	x49=0.000065	x50=-0.000005	x51=0.000075	x52=0.000029	x53=0.000073	x54=0.000018	x55=0.000076	x56=0.000013	x57=0.000073	x58=0.000005	x59=0.000075	x60=-0.000005	x61=0.000085	x62=0.000031	x63=0.000083	x64=0.000020	x65=0.000085	x66=0.000014	x67=0.000083	x68=0.000006	x69=0.000084	x70=-0.000004	x71=0.000093	x72=0.000031	x73=0.000091	x74=0.000021	x75=0.000093	x76=0.000014	x77=0.000091	x78=0.000006	x79=0.000092	x80=-0.000003	x81=0.000100	x82=0.000032	x83=0.000099	x84=0.000022	x85=0.000100	x86=0.000015	x87=0.000098	x88=0.000007	x89=0.000099	x90=-0.000003	x91=0.000105	x92=0.000032	x93=0.000105	x94=0.000023	x95=0.000105	x96=0.000015	x97=0.000105	x98=0.000007	x99=0.000105	x100=-0.000002	
 Matched=458 Notmatched=0

